109,7366 115,8852
117,5857 110,8398
127,8899 110,0793
137,8935 110,5730
147,7484 113,3327
173,7209 112,1959
184,4674 109,0394
195,5402 108,2654
206,2993 109,8523
214,4782 116,6021
161,9249 125,9965
161,4693 138,6014
161,1616 150,8860
161,2646 163,5361
150,4767 173,6735
155,7660 176,0692
161,9886 177,1125
168,1548 176,3821
174,1512 174,6471
125,4865 130,1313
131,1146 124,7742
138,9476 124,4114
144,8604 130,2280
138,4182 132,2925
131,6834 132,1276
178,2443 130,5578
184,9634 125,5698
192,8356 125,2145
199,9768 131,1145
192,6047 133,1012
185,3195 132,5821
138,8686 195,9920
144,9897 190,9483
153,2017 188,8756
161,6030 191,1164
170,1511 189,2803
178,0612 193,1296
184,1129 199,3014
178,2834 204,1847
170,4006 207,3749
161,4349 207,7410
152,7238 206,1211
145,3256 201,7761
152,5141 195,8942
161,9248 197,1712
170,8932 197,4503
171,0696 197,1178
161,7277 197,2688
152,2522 195,7824

