v -55,4203338623047 -82,6790466308594 61,1132392883301
v -45,5692253112793 -98,4211883544922 64,8120117187500
v -34,7885284423828 -105,959381103516 65,0586395263672
v -24,4476337432861 -110,638717651367 63,5711669921875
v -14,3771553039551 -112,276359558105 61,4060516357422
v 11,6301584243774 -111,405639648438 62,4921112060547
v 21,7039909362793 -110,074790954590 65,6361770629883
v 34,1593513488770 -104,322738647461 67,2592926025391
v 45,2833251953125 -93,7277908325195 66,3257598876953
v 56,0607147216797 -70,6840744018555 61,1257743835449
v -0,381882011890411 -110,447166442871 48,5439338684082
v -1,38499450683594 -119,805107116699 35,0852890014648
v -1,38499450683594 -126,509101867676 23,1398639678955
v -1,38499450683594 -137,019577026367 10,5875854492188
v -12,3490858078003 -113,586593627930 0,477435529232025
v -6,31677961349487 -118,696006774902 -1,36035811901093
v -0,399197280406952 -118,971603393555 -2,33775830268860
v 5,56237840652466 -115,680725097656 -1,45222997665405
v 11,6026706695557 -112,446601867676 -0,551718592643738
v -39,0101127624512 -89,7556304931641 45,8344039916992
v -32,4472198486328 -94,5481109619141 50,7096672058106
v -24,1688404083252 -94,4388885498047 51,7532806396484
v -18,0284042358398 -92,1822509765625 45,6816024780273
v -25,2106838226318 -94,3058547973633 43,4760856628418
v -31,3653163909912 -95,3374023437500 43,4153213500977
v 16,3626499176025 -90,3282394409180 44,7543678283691
v 23,3715114593506 -96,4614105224609 49,5382347106934
v 31,6546459197998 -95,9850234985352 50,6045913696289
v 39,5506668090820 -87,5450897216797 44,9239692687988
v 31,7264556884766 -94,8802413940430 42,4075164794922
v 23,4386577606201 -95,0840530395508 42,3959236145020
v -23,7462558746338 -103,895309448242 -22,1397361755371
v -17,3444252014160 -113,227745056152 -16,4889354705811
v -9,28938674926758 -117,863014221191 -14,2303762435913
v -0,399441987276077 -119,092079162598 -16,1315784454346
v 7,51848649978638 -117,259140014648 -14,2647218704224
v 15,5840816497803 -112,874992370605 -18,5067939758301
v 21,9577903747559 -104,642257690430 -25,1313438415527
v 15,5699234008789 -113,285018920898 -29,4509716033936
v 7,54606628417969 -115,750511169434 -32,2126464843750
v -1,38499450683594 -110,130569458008 -33,7415161132813
v -9,36198997497559 -113,395126342773 -31,4356021881104
v -17,4460258483887 -110,101562500000 -27,7213973999023
v -9,35895061492920 -113,582191467285 -21,4510593414307
v -0,388509154319763 -113,709754943848 -22,4384746551514
v 8,60704326629639 -112,371444702148 -22,5363407135010
v 8,60704326629639 -112,371444702148 -22,5363407135010
v -0,388509154319763 -113,709754943848 -22,4384746551514
v -10,3598794937134 -113,353294372559 -21,4673328399658

